n Pelvis
s 0.2618 0.1634 0.2014
R 1.0000 0.0000 0.0000 0.0000 1.0000 0.0000 0.0000 0.0000 1.0000
t 0.0000 0.9809 -0.0308
j 0.0000 0.9800 -0.0300
n FemurR
s 0.1271 0.4043 0.1398
R 0.9998 -0.0174 -0.0024 -0.0175 -0.9997 -0.0172 -0.0021 0.0172 -0.9998
t -0.0959 0.7241 -0.0227
j -0.0903 0.9337 -0.0116
n TibiaR
s 0.1198 0.4156 0.1141
R 0.9994 0.0348 -0.0030 0.0349 -0.9956 0.0871 0.0000 -0.0872 -0.9962
t -0.0928 0.3018 -0.0341
j -0.0995 0.5387 -0.0103
n TalusR
s 0.0756 0.0498 0.1570
R 0.9779 0.0256 0.2073 0.0199 -0.9994 0.0295 0.2079 -0.0247 -0.9778
t -0.0826 0.0403 -0.0242
j -0.0800 0.0776 -0.0419
n FootThumbR
s 0.0366 0.0262 0.0563
R 0.9841 -0.0569 0.1682 -0.0869 -0.9804 0.1770 0.1549 -0.1888 -0.9697
t -0.0765 0.0215 0.0965
j -0.0781 0.0201 0.0692
n FootPinkyR
s 0.0422 0.0238 0.0529
R 0.9398 0.0341 0.3401 0.0087 -0.9971 0.0759 0.3417 -0.0683 -0.9373
t -0.1249 0.0202 0.0823
j -0.1227 0.0142 0.0494
n FemurL
s 0.1271 0.4043 0.1398
R 0.9998 -0.0174 -0.0024 0.0175 0.9997 0.0172 0.0021 -0.0172 0.9998
t 0.0959 0.7241 -0.0227
j 0.0903 0.9337 -0.0116
n TibiaL
s 0.1198 0.4156 0.1141
R 0.9994 0.0348 -0.0030 -0.0349 0.9956 -0.0871 0.0000 0.0872 0.9962
t 0.0928 0.3018 -0.0341
j 0.0995 0.5387 -0.0103
n TalusL
s 0.0756 0.0498 0.1570
R 0.9779 0.0256 0.2073 -0.0199 0.9994 -0.0295 -0.2079 0.0247 0.9778
t 0.0826 0.0403 -0.0242
j 0.0800 0.0776 -0.0419
n FootPinkyL
s 0.0422 0.0238 0.0529
R 0.9398 0.0341 0.3401 -0.0087 0.9971 -0.0759 -0.3417 0.0683 0.9373
t 0.1249 0.0202 0.0823
j 0.1227 0.0142 0.0494
n FootThumbL
s 0.0366 0.0262 0.0563
R 0.9841 -0.0569 0.1682 0.0869 0.9804 -0.1770 -0.1549 0.1888 0.9697
t 0.0765 0.0215 0.0965
j 0.0781 0.0201 0.0692
n Spine
s 0.2185 0.0976 0.1794
R 1.0000 0.0000 0.0000 0.0000 1.0000 0.0000 0.0000 0.0000 1.0000
t 0.0000 1.1204 -0.0300
j 0.0000 1.0675 -0.0434
n Torso
s 0.2882 0.2484 0.1854
R 1.0000 0.0000 0.0000 0.0000 1.0000 0.0047 0.0000 -0.0047 1.0000
t 0.0000 1.3097 -0.0187
j 0.0000 1.1761 -0.0498
n Neck
s 0.1023 0.0728 0.0840
R 1.0000 0.0000 0.0000 0.0000 0.9732 -0.2301 0.0000 0.2301 0.9732
t 0.0000 1.5297 -0.0250
j 0.0000 1.4844 -0.0436
n Head
s 0.1449 0.1468 0.1497
R 1.0000 0.0000 0.0000 0.0000 0.9895 -0.1447 0.0000 0.1447 0.9895
t 0.0000 1.6527 -0.0123
j 0.0000 1.5652 -0.0086
n ShoulderR
s 0.1635 0.0748 0.0800
R 0.9985 -0.0048 0.0549 -0.0047 -1.0000 -0.0011 0.0549 0.0008 -0.9985
t -0.0981 1.4644 -0.0391
j -0.0147 1.4535 -0.0381
n ArmR
s 0.3329 0.0897 0.0826
R 0.9960 0.0361 -0.0812 -0.0669 -0.2971 -0.9525 -0.0585 0.9542 -0.2936
t -0.3578 1.4522 -0.0235
j -0.1995 1.4350 -0.0353
n ForeArmR
s 0.2630 0.0832 0.0845
R 0.9929 0.0823 -0.0856 -0.0517 -0.3492 -0.9356 -0.1069 0.9334 -0.3424
t -0.6674 1.4699 -0.0059
j -0.5234 1.4607 -0.0105
n HandR
s 0.1256 0.0579 0.0665
R 0.9712 0.2384 0.0001 0.2243 -0.9138 -0.3386 -0.0806 0.3289 -0.9409
t -0.8716 1.4633 0.0268
j -0.8102 1.4694 0.0194
n ShoulderL
s 0.1635 0.0748 0.0800
R 0.9985 -0.0048 0.0549 0.0047 1.0000 0.0011 -0.0549 -0.0008 0.9985
t 0.0981 1.4644 -0.0391
j 0.0147 1.4535 -0.0381
n ArmL
s 0.3329 0.0897 0.0826
R 0.9960 0.0361 -0.0812 0.0669 0.2971 0.9525 0.0585 -0.9542 0.2936
t 0.3578 1.4522 -0.0235
j 0.1995 1.4350 -0.0353
n ForeArmL
s 0.2630 0.0832 0.0845
R 0.9929 0.0823 -0.0856 0.0517 0.3492 0.9356 0.1069 -0.9334 0.3424
t 0.6674 1.4699 -0.0059
j 0.5234 1.4607 -0.0105
n HandL
s 0.1256 0.0579 0.0665
R 0.9712 0.2384 0.0001 -0.2243 0.9138 0.3386 0.0806 -0.3289 0.9409
t 0.8716 1.4633 0.0268
j 0.8102 1.4694 0.0194
