n Pelvis
s 0.3180 0.1634 0.2014
R 1.0000 0.0000 0.0000 0.0000 1.0000 0.0000 0.0000 0.0000 1.0000
t 0.0000 0.9809 -0.0170
j 0.0000 0.9800 -0.0300
n FemurR
s 0.1462 0.3736 0.1398
R 0.9992 -0.0401 -0.0016 -0.0400 -0.9988 0.0298 -0.0028 -0.0297 -0.9996
t -0.1024 0.7015 0.0001
j -0.0903 0.9337 -0.0116
n TibiaR
s 0.1308 0.4156 0.1251
R 0.9994 0.0348 -0.0030 0.0349 -0.9956 0.0871 0.0000 -0.0872 -0.9962
t -0.0960 0.3033 -0.0469
j -0.0995 0.5387 -0.0103
n TalusR
s 0.0806 0.0714 0.1570
R 0.9779 0.0255 0.2073 0.0199 -0.9994 0.0287 0.2079 -0.0239 -0.9779
t -0.0883 0.0430 -0.0331
j -0.0800 0.0776 -0.0419
n FootThumbR
s 0.0525 0.0308 0.0655
R 0.9862 0.0376 0.1610 0.0268 -0.9972 0.0691 0.1632 -0.0639 -0.9845
t -0.0765 0.0166 0.0879
j -0.0781 0.0201 0.0692
n FootPinkyR
s 0.0422 0.0316 0.0529
R 0.9619 0.0100 0.2731 0.0113 -0.9999 -0.0029 0.2730 0.0059 -0.9620
t -0.1355 0.0180 0.0710
j -0.1227 0.0142 0.0494
n FemurL
s 0.1462 0.3736 0.1398
R 0.9992 -0.0401 -0.0016 0.0400 0.9988 -0.0298 0.0028 0.0297 0.9996
t 0.1024 0.7015 0.0001
j 0.0903 0.9337 -0.0116
n TibiaL
s 0.1308 0.4156 0.1251
R 0.9994 0.0348 -0.0030 -0.0349 0.9956 -0.0871 -0.0000 0.0872 0.9962
t 0.0960 0.3033 -0.0469
j 0.0995 0.5387 -0.0103
n TalusL
s 0.0806 0.0714 0.1570
R 0.9779 0.0255 0.2073 -0.0199 0.9994 -0.0287 -0.2079 0.0239 0.9779
t 0.0883 0.0430 -0.0331
j 0.0800 0.0776 -0.0419
n FootPinkyL
s 0.0422 0.0316 0.0529
R 0.9619 0.0100 0.2731 -0.0113 0.9999 0.0029 -0.2730 -0.0059 0.9620
t 0.1355 0.0180 0.0710
j 0.1227 0.0142 0.0494
n FootThumbL
s 0.0525 0.0308 0.0655
R 0.9862 0.0376 0.1610 -0.0268 0.9972 -0.0691 -0.1632 0.0639 0.9845
t 0.0765 0.0166 0.0879
j 0.0781 0.0201 0.0692
n Spine
s 0.3072 0.0976 0.1794
R 1.0000 0.0000 0.0000 0.0000 1.0000 0.0000 0.0000 0.0000 1.0000
t 0.0000 1.1204 -0.0140
j 0.0000 1.0675 -0.0434
n Torso
s 0.2882 0.2484 0.1854
R 1.0000 0.0000 0.0000 0.0000 1.0000 0.0047 0.0000 -0.0047 1.0000
t 0.0000 1.3097 -0.0187
j 0.0000 1.1761 -0.0498
n Neck
s 0.1023 0.0728 0.0989
R 1.0000 0.0000 0.0000 0.0000 0.9992 -0.0393 0.0000 0.0393 0.9992
t 0.0000 1.5372 -0.0140
j 0.0000 1.4844 -0.0436
n Head
s 0.1527 0.1530 0.1357
R 1.0000 0.0000 0.0000 0.0000 0.9993 -0.0386 0.0000 0.0386 0.9993
t 0.0000 1.6585 -0.0082
j 0.0000 1.5652 -0.0086
n ShoulderR
s 0.1635 0.0624 0.1306
R 0.9985 -0.0048 0.0549 -0.0047 -1.0000 -0.0011 0.0549 0.0008 -0.9985
t -0.0981 1.4644 -0.0391
j -0.0147 1.4535 -0.0381
n ArmR
s 0.3329 0.0751 0.0826
R 0.9960 0.0361 -0.0812 -0.0669 -0.2971 -0.9525 -0.0585 0.9542 -0.2936
t -0.3578 1.4522 -0.0235
j -0.1995 1.4350 -0.0353
n ForeArmR
s 0.2630 0.0673 0.0777
R 0.9929 0.0823 -0.0856 -0.0517 -0.3492 -0.9356 -0.1069 0.9334 -0.3424
t -0.6674 1.4699 -0.0059
j -0.5234 1.4607 -0.0105
n HandR
s 0.1256 0.0579 0.0665
R 0.9712 0.2384 0.0001 0.2243 -0.9138 -0.3386 -0.0806 0.3289 -0.9409
t -0.8716 1.4633 0.0268
j -0.8102 1.4694 0.0194
n ShoulderL
s 0.1635 0.0624 0.1306
R 0.9985 -0.0048 0.0549 0.0047 1.0000 0.0011 -0.0549 -0.0008 0.9985
t 0.0981 1.4644 -0.0391
j 0.0147 1.4535 -0.0381
n ArmL
s 0.3329 0.0751 0.0826
R 0.9960 0.0361 -0.0812 0.0669 0.2971 0.9525 0.0585 -0.9542 0.2936
t 0.3578 1.4522 -0.0235
j 0.1995 1.4350 -0.0353
n ForeArmL
s 0.2630 0.0673 0.0777
R 0.9929 0.0823 -0.0856 0.0517 0.3492 0.9356 0.1069 -0.9334 0.3424
t 0.6674 1.4699 -0.0059
j 0.5234 1.4607 -0.0105
n HandL
s 0.1256 0.0579 0.0665
R 0.9712 0.2384 0.0001 -0.2243 0.9138 0.3386 0.0806 -0.3289 0.9409
t 0.8716 1.4633 0.0268
j 0.8102 1.4694 0.0194